(((((((((((((((((dm6:0.054203,
                (droSim1:0.02131,
                droSec1:0.022797):0.024262):0.058501,
               (droYak3:0.088966,
               droEre2:0.077153):0.025438):0.181996,
              (droBia2:0.126739,
              droSuz1:0.093422):0.096476):0.012539,
             (droAna3:0.132676,
             droBip2:0.134892):0.531515):0.002641,
            droEug2:0.318569):0.036977,
           droEle2:0.207426):0.00256,
          droKik2:0.485329):0.00244,
         droTak2:0.226746):0.014351,
        droRho2:0.195624):0.049591,
       droFic2:0.257704):0.290027,
      ((droPse3:0.013853,
       droPer1:0.014979):0.009699,
      droMir2:0.017285):0.398344):0.150107,
     droWil2:0.550935):0.041827,
    (((droVir3:0.242786,
      droMoj3:0.321598):0.090819,
     droAlb1:0.436249):0.014378,
    droGri2:0.318782):0.162991):0.222902,
   musDom2:0.772795):0.268197,
  anoGam1:1.14709):0.387299,
 apiMel4:0.865834):0.588712,
triCas2:0.588712);
